33.310
33.354
33.609
33.618
34.146
35.071
36.289
37.606
38.942
40.261
41.544
42.782
43.969
45.105
46.186
47.215
48.191
49.117
49.992
50.819
51.600
52.336
53.030
53.682
54.296
54.873
55.415
55.924
56.402
56.851
57.274
57.671
58.046
58.399
58.732
59.049
59.349
59.635
59.909
60.172
60.427
60.673
60.914
61.150
61.384
61.617
61.849
62.084
62.322
62.566
62.816
63.074
63.343
63.623
63.893
64.143
64.365
64.549
64.721
64.882
65.030
65.290
65.499
65.658
65.767
65.826
65.838
65.804
65.726
65.608
65.452
65.263
65.044
64.799
64.533
64.249
63.951
63.644
63.332
63.017
62.705
61.954
61.276
60.701
60.243
59.903
59.668
59.517
59.419
59.338
59.237
59.074
58.812
58.410
57.832
57.044
56.014
54.711
53.109
51.183
48.908